acc = 0.61384
eval_loss = 1.0057317529296874
global_step = 234
loss = 0.16144737830528846
