acc = 0.5948
eval_loss = 0.987980029296875
global_step = 234
loss = 0.16144737830528846
