acc = 0.58114
eval_loss = 0.95026306640625
global_step = 234
loss = 0.16144737830528846
