acc = 0.58546
eval_loss = 0.987889248046875
global_step = 234
loss = 0.17417999006744123
