acc = 0.60316
eval_loss = 0.99972787109375
global_step = 234
loss = 0.17417999006744123
