acc = 0.57622
eval_loss = 0.9840771875
global_step = 234
loss = 0.17417999006744123
